1001
0.001998001998001998
4.287093850145172524e+00
4.251304319293486955e+00
4.215954095065612250e+00
4.181036073758323646e+00
4.146543293992382750e+00
4.112468933315284403e+00
4.078806304898026092e+00
4.045548854322930765e+00
4.012690156459687074e+00
3.980223912426837263e+00
3.948143946636063717e+00
3.916444203916715772e+00
3.885118746718090321e+00
3.854161752387085027e+00
3.823567510518909085e+00
3.793330420378632883e+00
3.763444988391413393e+00
3.733905825699322722e+00
3.704707645782769454e+00
3.675845262144571635e+00
3.647313586054806045e+00
3.619107624354618302e+00
3.591222477317245865e+00
3.563653336564557517e+00
3.536395483037470644e+00
3.509444285018664011e+00
3.482795196206054822e+00
3.456443753835556354e+00
3.430385576851683549e+00
3.404616364124624095e+00
3.379131892712428087e+00
3.353928016167021298e+00
3.329000662882783512e+00
3.304345834486481781e+00
3.279959604267371542e+00
3.255838115646335851e+00
3.231977580682953821e+00
3.208374278619433362e+00
3.185024554460361923e+00
3.161924817587300929e+00
3.139071540407214478e+00
3.116461257033825927e+00
3.094090562000967992e+00
3.071956109007059066e+00
3.050054609689838436e+00
3.028382832430537963e+00
3.006937601186683295e+00
2.985715794352747476e+00
2.964714343647897099e+00
2.943930233030103150e+00
2.923360497635904220e+00
2.903002222745131089e+00
2.882852542769926973e+00
2.862908640267416427e+00
2.843167744975386935e+00
2.823627132870382361e+00
2.804284125247610504e+00
2.785136087822090101e+00
2.766180429850483069e+00
2.747414603273066191e+00
2.728836101875323106e+00
2.710442460468638792e+00
2.692231254089608061e+00
2.674200097217474870e+00
2.656346643009233954e+00
2.638668582551942698e+00
2.621163644131806247e+00
2.603829592519599778e+00
2.586664228272022026e+00
2.569665387048568395e+00
2.552830938943538186e+00
2.536158787832787365e+00
2.519646870734863597e+00
2.503293157186160744e+00
2.487095648629738864e+00
2.471052377817478440e+00
2.455161408225229103e+00
2.439420833480639317e+00
2.423828776803346408e+00
2.408383390457230266e+00
2.393082855214431870e+00
2.377925379830848840e+00
2.362909200532829601e+00
2.348032580514793910e+00
2.333293809447512857e+00
2.318691202996799205e+00
2.304223102352342512e+00
2.289887873766464299e+00
2.275683908102539732e+00
2.261609620392861508e+00
2.247663449405727931e+00
2.233843857221523344e+00
2.220149328817589307e+00
2.206578371661671145e+00
2.193129515313746669e+00
2.179801311036032363e+00
2.166592331410981398e+00
2.153501169967085627e+00
2.140526440812298148e+00
2.127666778274903692e+00
2.114920836551661854e+00
2.102287289363056644e+00
2.089764829615487596e+00
2.077352169070248777e+00
2.065048038019129617e+00
2.052851184966502096e+00
2.040760376317731772e+00
2.028774396073778519e+00
2.016892045531845312e+00
2.005112142991937851e+00
1.993433523469202440e+00
1.981855038411912240e+00
1.970375555424977110e+00
1.958993957998853785e+00
1.947709145243734064e+00
1.936520031628897298e+00
1.925425546727110415e+00
1.914424634963966199e+00
1.903516255372050159e+00
1.892699381349830734e+00
1.881973000425168241e+00
1.871336114023344432e+00
1.860787737239512296e+00
1.850326898615469950e+00
1.839952639920667155e+00
1.829664015937352284e+00
1.819460094249768289e+00
1.809339955037316150e+00
1.799302690871594335e+00
1.789347406517237671e+00
1.779473218736470352e+00
1.769679256097295594e+00
1.759964658785247105e+00
1.750328578418623771e+00
1.740770177867135171e+00
1.731288631073888418e+00
1.721883122880643713e+00
1.712552848856270682e+00
1.703297015128341085e+00
1.694114838217788410e+00
1.685005544876576389e+00
1.675968371928307832e+00
1.667002566111718265e+00
1.658107383926993306e+00
1.649282091484849833e+00
1.640525964358328537e+00
1.631838287437237467e+00
1.623218354785196382e+00
1.614665469499228845e+00
1.606178943571846984e+00
1.597758097755582529e+00
1.589402261429913255e+00
1.581110772470535331e+00
1.572882977120936054e+00
1.564718229866221666e+00
1.556615893309152510e+00
1.548575338048344019e+00
1.540595942558589337e+00
1.532677093073261165e+00
1.524818183468753974e+00
1.517018615150922400e+00
1.509277796943480521e+00
1.501595144978321139e+00
1.493970082587718018e+00
1.486402040198374408e+00
1.478890455227281908e+00
1.471434771979354350e+00
1.464034441546802956e+00
1.456688921710216578e+00
1.449397676841317928e+00
1.442160177807361165e+00
1.434975901877137971e+00
1.427844332628565693e+00
1.420764959857821808e+00
1.413737279490000498e+00
1.406760793491258266e+00
1.399835009782421924e+00
1.392959442154031446e+00
1.386133610182791909e+00
1.379357039149403663e+00
1.372629259957748982e+00
1.365949809055408748e+00
1.359318228355482550e+00
1.352734065159690191e+00
1.346196872082728646e+00
1.339706206977863356e+00
1.333261632863727675e+00
1.326862717852312912e+00
1.320509035078121229e+00
1.314200162628465174e+00
1.307935683474889643e+00
1.301715185405695863e+00
1.295538260959549826e+00
1.289404507360150998e+00
1.283313526451946629e+00
1.277264924636869026e+00
1.271258312812079794e+00
1.265293306308700405e+00
1.259369524831513987e+00
1.253486592399617905e+00
1.247644137288013821e+00
1.241841791970113240e+00
1.236079193061147441e+00
1.230355981262462262e+00
1.224671801306683072e+00
1.219026301903734621e+00
1.213419135687700434e+00
1.207849959164505549e+00
1.202318432660411718e+00
1.196824220271306194e+00
1.191366989812772781e+00
1.185946412770931824e+00
1.180562164254034485e+00
1.175213922944796874e+00
1.169901371053465589e+00
1.164624194271595581e+00
1.159382081726534564e+00
1.154174725936597090e+00
1.149001822766917869e+00
1.143863071385972097e+00
1.138758174222754382e+00
1.133686836924598484e+00
1.128648768315634321e+00
1.123643680355866037e+00
1.118671288100862249e+00
1.113731309662049807e+00
1.108823466167595972e+00
1.103947481723876134e+00
1.099103083377509726e+00
1.094290001077960151e+00
1.089507967640687136e+00
1.084756718710841561e+00
1.080035992727495175e+00
1.075345530888394796e+00
1.070685077115234529e+00
1.066054378019433591e+00
1.061453182868415057e+00
1.056881243552375782e+00
1.052338314551537257e+00
1.047824152903875206e+00
1.043338518173311469e+00
1.038881172418369303e+00
1.034451880161279202e+00
1.030050408357527481e+00
1.025676526365844943e+00
1.021330005918623218e+00
1.017010621092755862e+00
1.012718148280893349e+00
1.008452366163109737e+00
1.004213055678971456e+00
1.000000000000000000e+00
9.958129845025285309e-01
9.916517967409380629e-01
9.875162264212736796e-01
9.834060653752303427e-01
9.793211075345054084e-01
9.752611489055090788e-01
9.712259875444304580e-01
9.672154235326501093e-01
9.632292589524957815e-01
9.592672978633357550e-01
9.553293462780035883e-01
9.514152121395490491e-01
9.475247052983110096e-01
9.436576374893068664e-01
9.398138223099327115e-01
9.359930751979704810e-01
9.321952134098963061e-01
9.284200559994868485e-01
9.246674237967170695e-01
9.209371393869458799e-01
9.172290270903857845e-01
9.135429129418507488e-01
9.098786246707794012e-01
9.062359916815279082e-01
9.026148450339295248e-01
8.990150174241163805e-01
8.954363431655989469e-01
8.918786581706001915e-01
8.883417999316394198e-01
8.848256075033628099e-01
8.813299214846170848e-01
8.778545840007614398e-01
8.743994386862153911e-01
8.709643306672379959e-01
8.675491065449356665e-01
8.641536143784950275e-01
8.607777036686367067e-01
8.574212253412873963e-01
8.540840317314678520e-01
8.507659765673891705e-01
8.474669149547641167e-01
8.441867033613144056e-01
8.409251996014912578e-01
8.376822628213835831e-01
8.344577534838343302e-01
8.312515333537384699e-01
8.280634654835437036e-01
8.248934141989260338e-01
8.217412450846632854e-01
8.186068249706790478e-01
8.154900219182764642e-01
8.123907052065393319e-01
8.093087453189179437e-01
8.062440139299752451e-01
8.031963838923142918e-01
8.001657292236606933e-01
7.971519250941208057e-01
7.941548478135915801e-01
7.911743748193393877e-01
7.882103846637277256e-01
7.852627570021082359e-01
7.823313725808562769e-01
7.794161132255661428e-01
7.765168618293846192e-01
7.736335023415022993e-01
7.707659197557775732e-01
7.679140000995139381e-01
7.650776304223670943e-01
7.622566987854002551e-01
7.594510942502655793e-01
7.566607068685309301e-01
7.538854276711274283e-01
7.511251486579386683e-01
7.483797627875087288e-01
7.456491639668861859e-01
7.429332470415843659e-01
7.402319077856739371e-01
7.375450428919879675e-01
7.348725499624564339e-01
7.322143274985490891e-01
7.295702748918450053e-01
7.269402924147071454e-01
7.243242812110802786e-01
7.217221432873909270e-01
7.191337815035668823e-01
7.165590995641565319e-01
7.139980020095646474e-01
7.114503942073845399e-01
7.089161823438436816e-01
7.063952734153433610e-01
7.038875752201089186e-01
7.013929963499303533e-01
6.989114461820120638e-01
6.964428348709095218e-01
6.939870733405717473e-01
6.915440732764697174e-01
6.891137471178264695e-01
6.866960080499316943e-01
6.842907699965545820e-01
6.818979476124391592e-01
6.795174562758958814e-01
6.771492120814727178e-01
6.747931318327187178e-01
6.724491330350292895e-01
6.701171338885761886e-01
6.677970532813203297e-01
6.654888107821059773e-01
6.631923266338359824e-01
6.609075217467260677e-01
6.586343176916378273e-01
6.563726366934886647e-01
6.541224016247392248e-01
6.518835359989546552e-01
6.496559639644412520e-01
6.474396102979567136e-01
6.452344003984920029e-01
6.430402602811249313e-01
6.408571165709450179e-01
6.386848964970468501e-01
6.365235278865931656e-01
6.343729391589452149e-01
6.322330593198597359e-01
6.301038179557529872e-01
6.279851452280293955e-01
6.258769718674742633e-01
6.237792291687104251e-01
6.216918489847180762e-01
6.196147637214153292e-01
6.175479063323008333e-01
6.154912103131565670e-01
6.134446096968099171e-01
6.114080390479547100e-01
6.093814334580299752e-01
6.073647285401571061e-01
6.053578604241316441e-01
6.033607657514729050e-01
6.013733816705277846e-01
5.993956458316284097e-01
5.974274963823053008e-01
5.954688719625516047e-01
5.935197117001409506e-01
5.915799552059971544e-01
5.896495425696139936e-01
5.877284143545262740e-01
5.858165115938308576e-01
5.839137757857556510e-01
5.820201488892791097e-01
5.801355733197953723e-01
5.782599919448292436e-01
5.763933480797956976e-01
5.745355854838074539e-01
5.726866483555266285e-01
5.708464813290624607e-01
5.690150294699132250e-01
5.671922382709522203e-01
5.653780536484567243e-01
5.635724219381801348e-01
5.617752898914670778e-01
5.599866046714087053e-01
5.582063138490414023e-01
5.564343653995844630e-01
5.546707076987189566e-01
5.529152895189067829e-01
5.511680600257480300e-01
5.494289687743778572e-01
5.476979657059019013e-01
5.459750011438688766e-01
5.442600257907818095e-01
5.425529907246440242e-01
5.408538473955456505e-01
5.391625476222811075e-01
5.374790435890074436e-01
5.358032878419329847e-01
5.341352332860460628e-01
5.324748331818720537e-01
5.308220411422713836e-01
5.291768111292640686e-01
5.275390974508936681e-01
5.259088547581186601e-01
5.242860380417414534e-01
5.226706026293637120e-01
5.210625041823797599e-01
5.194616986929941893e-01
5.178681424812775491e-01
5.162817921922460140e-01
5.147026047929765813e-01
5.131305375697475801e-01
5.115655481252133763e-01
5.100075943756025021e-01
5.084566345479509808e-01
5.069126271773576331e-01
5.053755311042734677e-01
5.038453054718136093e-01
5.023219097231010899e-01
5.008053035986340662e-01
4.992954471336833455e-01
4.977923006557124497e-01
4.962958247818285984e-01
4.948059804162546205e-01
4.933227287478311185e-01
4.918460312475395058e-01
4.903758496660546307e-01
4.889121460313173295e-01
4.874548826461362894e-01
4.860040220858091176e-01
4.845595271957723882e-01
4.831213610892701737e-01
4.816894871450508320e-01
4.802638690050820558e-01
4.788444705722939010e-01
4.774312560083385226e-01
4.760241897313785553e-01
4.746232364138909809e-01
4.732283609804993074e-01
4.718395286058210125e-01
4.704567047123420775e-01
4.690798549683073415e-01
4.677089452856366125e-01
4.663439418178564333e-01
4.649848109580571043e-01
4.636315193368651388e-01
4.622840338204401434e-01
4.609423215084868519e-01
4.596063497322911973e-01
4.582760860527709812e-01
4.569514982585503038e-01
4.556325543640480924e-01
4.543192226075898343e-01
4.530114714495330208e-01
4.517092695704157390e-01
4.504125858691183648e-01
4.491213894610471824e-01
4.478356496763327699e-01
4.465553360580474251e-01
4.452804183604388011e-01
4.440108665471813043e-01
4.427466507896438142e-01
4.414877414651742771e-01
4.402341091554007879e-01
4.389857246445489913e-01
4.377425589177752485e-01
4.365045831595162906e-01
4.352717687518542489e-01
4.340440872728972277e-01
4.328215104951756986e-01
4.316040103840537157e-01
4.303915590961554516e-01
4.291841289778065560e-01
4.279816925634905012e-01
4.267842225743191387e-01
4.255916919165179113e-01
4.244040736799256641e-01
4.232213411365080002e-01
4.220434677388849032e-01
4.208704271188724033e-01
4.197021930860377337e-01
4.185387396262678084e-01
4.173800409003515233e-01
4.162260712425749909e-01
4.150768051593300978e-01
4.139322173277358852e-01
4.127922825942728635e-01
4.116569759734299283e-01
4.105262726463638767e-01
4.094001479595715809e-01
4.082785774235739851e-01
4.071615367116126483e-01
4.060490016583583328e-01
4.049409482586313058e-01
4.038373526661335200e-01
4.027381911921925073e-01
4.016434403045167634e-01
4.005530766259625119e-01
3.994670769333120153e-01
3.983854181560627095e-01
3.973080773752276640e-01
3.962350318221468104e-01
3.951662588773093843e-01
3.941017360691865812e-01
3.930414410730750374e-01
3.919853517099512463e-01
3.909334459453354116e-01
3.898857018881666803e-01
3.888420977896877573e-01
3.878026120423399004e-01
3.867672231786680181e-01
3.857359098702353162e-01
3.847086509265479903e-01
3.836854252939894683e-01
3.826662120547643098e-01
3.816509904258513219e-01
3.806397397579665554e-01
3.796324395345349045e-01
3.786290693706716448e-01
3.776296090121722959e-01
3.766340383345122556e-01
3.756423373418545930e-01
3.746544861660672798e-01
3.736704650657488025e-01
3.726902544252624905e-01
3.717138347537793375e-01
3.707411866843297044e-01
3.697722909728625718e-01
3.688071284973139519e-01
3.678456802566830719e-01
3.668879273701166621e-01
3.659338510760014596e-01
3.649834327310646498e-01
3.640366538094820803e-01
3.630934959019945785e-01
3.621539407150314305e-01
3.612179700698422979e-01
3.602855659016359069e-01
3.593567102587270079e-01
3.584313853016899976e-01
3.575095733025206446e-01
3.565912566438045328e-01
3.556764178178929980e-01
3.547650394260860041e-01
3.538571041778224568e-01
3.529525948898770693e-01
3.520514944855644424e-01
3.511537859939499184e-01
3.502594525490672628e-01
3.493684773891429507e-01
3.484808438558274490e-01
3.475965353934326041e-01
3.467155355481758572e-01
3.458378279674310662e-01
3.449633963989854890e-01
3.440922246903031501e-01
3.432242967877943696e-01
3.423595967360920089e-01
3.414981086773332675e-01
3.406398168504479185e-01
3.397847055904524849e-01
3.389327593277504658e-01
3.380839625874385024e-01
3.372382999886182620e-01
3.363957562437141502e-01
3.355563161577971298e-01
3.347199646279136465e-01
3.338866866424208824e-01
3.330564672803267845e-01
3.322292917106366428e-01
3.314051451917039981e-01
3.305840130705880453e-01
3.297658807824158100e-01
3.289507338497496547e-01
3.281385578819605020e-01
3.273293385746056106e-01
3.265230617088122900e-01
3.257197131506661125e-01
3.249192788506046203e-01
3.241217448428156400e-01
3.233270972446413150e-01
3.225353222559860233e-01
3.217464061587302915e-01
3.209603353161487038e-01
3.201770961723331421e-01
3.193966752516203544e-01
3.186190591580246867e-01
3.178442345746751441e-01
3.170721882632572264e-01
3.163029070634592044e-01
3.155363778924230589e-01
3.147725877442000275e-01
3.140115236892103145e-01
3.132531728737072418e-01
3.124975225192462291e-01
3.117445599221574382e-01
3.109942724530230795e-01
3.102466475561591053e-01
3.095016727491005648e-01
3.087593356220918461e-01
3.080196238375805806e-01
3.072825251297154892e-01
3.065480273038488912e-01
3.058161182360427666e-01
3.050867858725787585e-01
3.043600182294725065e-01
3.036358033919915878e-01
3.029141295141772883e-01
3.021949848183704268e-01
3.014783575947410088e-01
3.007642362008212666e-01
3.000526090610428076e-01
2.993434646662773702e-01
2.986367915733812439e-01
2.979325784047431869e-01
2.972308138478361172e-01
2.965314866547723027e-01
2.958345856418621023e-01
2.951400996891761497e-01
2.944480177401110899e-01
2.937583288009587568e-01
2.930710219404785155e-01
2.923860862894735457e-01
2.917035110403697895e-01
2.910232854467987296e-01
2.903453988231830540e-01
2.896698405443260960e-01
2.889966000450040484e-01
2.883256668195613437e-01
2.876570304215096963e-01
2.869906804631298103e-01
2.863266066150764178e-01
2.856647986059862587e-01
2.850052462220893923e-01
2.843479393068232275e-01
2.836928677604497184e-01
2.830400215396755570e-01
2.823893906572753076e-01
2.817409651817172622e-01
2.810947352367927365e-01
2.804506910012473098e-01
2.798088227084161161e-01
2.791691206458608576e-01
2.785315751550102026e-01
2.778961766308030157e-01
2.772629155213339192e-01
2.766317823275019072e-01
2.760027676026616250e-01
2.753758619522773121e-01
2.747510560335791330e-01
2.741283405552226715e-01
2.735077062769505352e-01
2.728891440092567899e-01
2.722726446130540046e-01
2.716581989993425705e-01
2.710457981288829643e-01
2.704354330118698968e-01
2.698270947076096826e-01
2.692207743241994411e-01
2.686164630182090174e-01
2.680141519943654016e-01
2.674138325052390908e-01
2.668154958509335040e-01
2.662191333787761183e-01
2.656247364830122693e-01
2.650322966045012829e-01
2.644418052304146061e-01
2.638532538939366012e-01
2.632666341739672289e-01
2.626819376948272278e-01
2.620991561259653491e-01
2.615182811816679220e-01
2.609393046207702516e-01
2.603622182463708468e-01
2.597870139055470928e-01
2.592136834890732544e-01
2.586422189311409214e-01
2.580726122090810093e-01
2.575048553430882570e-01
2.569389403959473905e-01
2.563748594727617292e-01
2.558126047206835119e-01
2.552521683286463339e-01
2.546935425270994702e-01
2.541367195877443641e-01
2.535816918232727257e-01
2.530284515871069062e-01
2.524769912731420485e-01
2.519273033154900698e-01
2.513793801882256429e-01
2.508332144051338419e-01
2.502887985194600651e-01
2.497461251236611501e-01
2.492051868491590716e-01
2.486659763660956646e-01
2.481284863830897636e-01
2.475927096469958122e-01
2.470586389426641938e-01
2.465262670927035327e-01
2.459955869572445497e-01
2.454665914337056665e-01
2.449392734565602747e-01
2.444136259971059211e-01
2.438896420632347684e-01
2.433673146992060832e-01
2.428466369854202500e-01
2.423276020381942286e-01
2.418102030095390098e-01
2.412944330869383203e-01
2.407802854931290759e-01
2.402677534858834729e-01
2.397568303577925497e-01
2.392475094360513310e-01
2.387397840822454709e-01
2.382336476921395607e-01
2.377290936954667699e-01
2.372261155557200962e-01
2.367247067699451979e-01
2.362248608685344753e-01
2.357265714150227620e-01
2.352298320058845427e-01
2.347346362703324474e-01
2.342409778701172729e-01
2.337488504993294747e-01
2.332582478842018525e-01
2.327691637829140126e-01
2.322815919853976341e-01
2.317955263131439569e-01
2.313109606190118794e-01
2.308278887870374163e-01
2.303463047322450441e-01
2.298662024004602678e-01
2.293875757681230754e-01
2.289104188421028363e-01
2.284347256595147257e-01
2.279604902875376204e-01
2.274877068232327160e-01
2.270163693933635318e-01
2.265464721542174986e-01
2.260780092914288220e-01
2.256109750198021513e-01
2.251453635831376365e-01
2.246811692540572891e-01
2.242183863338328975e-01
2.237570091522144700e-01
2.232970320672600650e-01
2.228384494651670655e-01
2.223812557601047291e-01
2.219254453940474048e-01
2.214710128366089437e-01
2.210179525848787185e-01
2.205662591632586433e-01
2.201159271233010251e-01
2.196669510435475259e-01
2.192193255293695131e-01
2.187730452128097691e-01
2.183281047524245622e-01
2.178844988331270494e-01
2.174422221660320120e-01
2.170012694883018400e-01
2.165616355629928491e-01
2.161233151789030416e-01
2.156863031504209494e-01
2.152505943173757541e-01
2.148161835448879620e-01
2.143830657232210224e-01
2.139512357676344734e-01
2.135206886182380026e-01
2.130914192398460361e-01
2.126634226218336310e-01
2.122366937779933127e-01
2.118112277463931326e-01
2.113870195892353088e-01
2.109640643927157277e-01
2.105423572668847498e-01
2.101218933455092364e-01
2.097026677859345767e-01
2.092846757689482973e-01
2.088679124986445035e-01
2.084523732022893761e-01
2.080380531301871949e-01
2.076249475555473067e-01
2.072130517743523692e-01
2.068023611052272892e-01
2.063928708893088826e-01
2.059845764901163390e-01
2.055774732934229354e-01
2.051715567071284996e-01
2.047668221611325112e-01
2.043632651072078699e-01
2.039608810188761612e-01
2.035596653912834231e-01
2.031596137410765224e-01
2.027607216062804196e-01
2.023629845461764332e-01
2.019663981411815579e-01
2.015709579927279504e-01
2.011766597231434139e-01
2.007834989755328814e-01
2.003914714136608710e-01
2.000005727218341078e-01
1.996107986047852001e-01
1.992221447875571483e-01
1.988346070153889367e-01
1.984481810536010971e-01
1.980628626874825771e-01
1.976786477221780802e-01
1.972955319825767939e-01
1.969135113132006454e-01
1.965325815780946117e-01
1.961527386607165580e-01
1.957739784638286851e-01
1.953962969093893942e-01
1.950196899384457339e-01
1.946441535110264021e-01
1.942696836060358867e-01
1.938962762211492163e-01
1.935239273727070719e-01
1.931526330956116477e-01
1.927823894432234286e-01
1.924131924872586608e-01
1.920450383176872111e-01
1.916779230426310654e-01
1.913118427882636308e-01
1.909467936987100656e-01
1.905827719359475814e-01
1.902197736797065220e-01
1.898577951273723585e-01
1.894968324938884896e-01
1.891368820116590410e-01
1.887779399304525263e-01
1.884200025173063953e-01
1.880630660564320544e-01
1.877071268491204703e-01
1.873521812136479947e-01
1.869982254851834946e-01
1.866452560156957596e-01
1.862932691738614088e-01
1.859422613449731310e-01
1.855922289308492568e-01
1.852431683497433312e-01
1.848950760362544354e-01
1.845479484412378968e-01
1.842017820317167209e-01
1.838565732907938843e-01
1.835123187175646542e-01
1.831690148270295193e-01
1.828266581500080645e-01
1.824852452330532615e-01
1.821447726383659538e-01
1.818052369437102300e-01
1.814666347423290749e-01
1.811289626428611022e-01
1.807922172692571217e-01
1.804563952606973720e-01
1.801214932715097250e-01
1.797875079710880009e-01
1.794544360438109221e-01
1.791222741889614278e-01
1.787910191206465715e-01
1.784606675677182785e-01
1.781312162736940485e-01
1.778026619966782684e-01
1.774750015092842470e-01
1.771482315985568046e-01
1.768223490658949459e-01
1.764973507269751718e-01
1.761732334116754006e-01
1.758499939639993626e-01
1.755276292420013817e-01
1.752061361177114085e-01
1.748855114770608565e-01
1.745657522198088840e-01
1.742468552594689801e-01
1.739288175232358014e-01
1.736116359519129237e-01
1.732953074998408449e-01
1.729798291348254025e-01
1.726651978380663588e-01
1.723514106040869298e-01
1.720384644406636188e-01
1.717263563687561612e-01
1.714150834224381637e-01
1.711046426488280481e-01
1.707950311080207173e-01
1.704862458730193042e-01
1.701782840296672539e-01
1.698711426765811272e-01
1.695648189250839322e-01
1.692593098991383160e-01
1.689546127352804794e-01
1.686507245825546175e-01
1.683476426024476669e-01
1.680453639688243295e-01
1.677438858678624301e-01
1.674432054979889672e-01
1.671433200698164978e-01
1.668442268060795763e-01
1.665459229415718889e-01
1.662484057230835532e-01
1.659516724093392237e-01
1.656557202709361132e-01
1.653605465902823202e-01
1.650661486615360163e-01
1.647725237905447171e-01
1.644796692947849137e-01
1.641875825033019265e-01
1.638962607566503971e-01
1.636057014068351412e-01
1.633159018172521126e-01
1.630268593626297835e-01
1.627385714289708851e-01
1.624510354134948709e-01
1.621642487245801567e-01
1.618782087817068616e-01
1.615929130154000470e-01
1.613083588671734014e-01
1.610245437894729792e-01
1.607414652456211623e-01
1.604591207097613159e-01
1.601775076668028319e-01
1.598966236123660345e-01
1.596164660527276680e-01
1.593370325047667457e-01
1.590583204959108155e-01
1.587803275640823075e-01
1.585030512576452166e-01
1.582264891353521719e-01
1.579506387662920619e-01
1.576754977298376048e-01
1.574010636155931953e-01
1.571273340233433347e-01
1.568543065630014222e-01
1.565819788545584901e-01
1.563103485280323834e-01
1.560394132234173281e-01
1.557691705906337487e-01
1.554996182894785028e-01
1.552307539895751709e-01
1.549625753703245401e-01
1.546950801208558657e-01
1.544282659399780766e-01
1.541621305361313421e-01
1.538966716273386659e-01
1.536318869411582022e-01
1.533677742146356549e-01
1.531043311942569540e-01
1.528415556359009608e-01
1.525794453047928656e-01
1.523179979754577251e-01
1.520572114316741663e-01
1.517970834664282287e-01
1.515376118818677342e-01
1.512787944892571013e-01
1.510206291089318253e-01
1.507631135702536262e-01
1.505062457115657892e-01
1.502500233801488116e-01
1.499944444321762993e-01
1.497395067326708074e-01
1.494852081554603196e-01
1.492315465831350052e-01
1.489785199070039479e-01
1.487261260270520691e-01
1.484743628518976344e-01
1.482232282987498984e-01
1.479727202933669161e-01
1.477228367700133826e-01
1.474735756714191104e-01
1.472249349487376735e-01
1.469769125615050243e-01
1.467295064775985258e-01
1.464827146731961793e-01
1.462365351327362673e-01
1.459909658488769135e-01
