1000
7.394663150741245250e-01
7.260719066629547358e-01
3.759862517652323710e-01
1.222303772712113323e-01
2.902343960262202538e-01
2.388644451662237378e-01
6.032483715305719807e-01
2.481757833335090924e-01
2.782614950344771687e-01
2.068718062664366419e-01
9.058369843411301359e-01
9.900367517142916185e-02
1.660475165350877580e-01
9.497146082033681713e-01
7.667029161416429872e-01
4.210936789617438780e-01
2.822750703992733534e-01
5.292301412123289195e-01
5.110574119688434669e-01
2.118811172784139663e-01
8.379227155775779146e-01
7.890419429301052112e-01
4.164232892314223555e-02
6.474260226400412321e-01
7.382755146225301601e-01
2.410343197043800512e-01
7.144078785609382365e-01
2.211139304729414778e-01
4.203022895838550710e-01
2.845998239988348777e-01
1.742282024679779884e-01
4.611322064827761968e-01
7.205438115966001922e-01
2.558382908671811284e-01
6.291416427637430697e-01
6.979391525573053201e-02
5.677842578820515573e-01
1.767921932087346271e-02
6.597597708252667115e-02
3.902085040545688610e-02
4.923812077710343349e-02
9.581324016853702830e-01
1.461627460702178416e-01
3.779821140897479115e-01
4.818987018563067881e-01
3.450958515023999640e-01
3.214108679146179259e-01
1.170970207214577785e-01
1.061777392653862062e-02
4.883940684420109424e-01
4.863303615757907927e-01
6.174407566698791872e-02
9.644897471569113812e-01
1.088909852852466553e-01
3.878692910206804623e-02
5.444543568522156596e-01
1.669674270951306827e-01
4.260660171580573641e-01
2.911139604874530828e-01
9.544949828725849406e-01
9.074485965107702556e-01
4.064552649853206967e-01
9.092158977726438884e-02
5.006669249204692695e-01
5.156779948288467974e-01
9.201211737176289152e-01
3.720543225157978418e-01
9.159232843439313321e-02
6.211619785565662966e-01
3.512668959869373886e-01
4.418704020056368753e-01
4.643447014532008366e-01
2.227592421935102873e-01
2.040900900733301215e-01
2.245243725979758631e-01
4.124486550745598556e-01
7.729732249838795477e-01
4.440587571720309157e-01
8.173438863252616704e-01
6.792700823180376490e-01
7.578991334821522097e-01
1.845703285829061180e-01
4.848046262131739947e-01
8.798461674056240467e-01
3.069299277521220226e-01
4.658498592860804699e-02
6.307825105341660077e-01
2.871616356121136082e-01
7.334556761439443573e-01
3.209820273241332789e-01
6.658825106035581864e-02
7.306590507361593323e-01
2.080853735482142142e-01
6.804348750586652894e-01
2.414148105807956135e-02
4.535940624643090002e-01
7.625947477816387154e-01
9.653408061690423869e-01
1.209322610150994626e-01
3.769736252977142765e-01
1.579087500810427702e-01
3.054148811249055573e-01
3.481175227539408112e-01
4.942261313979455783e-01
1.233880138428208317e-01
2.196897692207436803e-01
3.886941440365228040e-01
3.591635453126854616e-01
9.324564669801554961e-01
2.109270023877187761e-01
5.340707866344802657e-01
9.007913053251583868e-01
3.533162448215848572e-01
2.558046135684222122e-03
9.908892656451067094e-01
4.165359721800127035e-01
2.428700462281623285e-01
5.152010966122082536e-01
8.975174107498633536e-01
8.777101332989949434e-01
8.630931066493887638e-01
7.866575655116251342e-01
3.033662380182345908e-01
9.044853271366474212e-01
7.298298222057109097e-01
1.587006732140661125e-01
3.033488803082998730e-01
9.682181569493026885e-01
7.835234826320679469e-01
2.474390910344583805e-01
7.824652182613486273e-01
2.132916300031943990e-01
5.923020852756203380e-01
9.188527927083396385e-01
6.523444297284849425e-01
9.547609082898248500e-01
4.585049520974505688e-01
6.227052133375592380e-01
9.048773938011633877e-01
4.775419038756166801e-01
3.569590148030999943e-01
4.855677425828003324e-01
2.496443688056789734e-01
2.401308817258754891e-01
1.626158915404518623e-03
7.710419495703685344e-01
9.522818837321482821e-01
4.394945113256395475e-01
4.721523579958635253e-01
1.432623050058938752e-01
8.803587743727345760e-01
6.873750553877662206e-01
4.662693567158179286e-01
8.124471597030803460e-01
5.241495241583711273e-01
6.703887565335538978e-01
6.184161770531236835e-01
4.372344547398967496e-01
3.309234484476667459e-01
2.762416709328647801e-01
3.724650527342054929e-03
3.124721497663723868e-01
5.849933970853552490e-01
9.291292060453216761e-01
8.526806048067614441e-01
1.926641333988583504e-01
8.472504462686596405e-01
2.388774216912916692e-01
8.835911441484725071e-01
8.355808607218435657e-01
3.773176928959619536e-01
4.002617211705131739e-01
7.133640451843746844e-01
8.747016828340382633e-01
1.808558228730755557e-01
4.271036266253491753e-02
4.871766291166934604e-02
2.416416511249541710e-01
1.143421259979713334e-01
8.214909454094917463e-01
5.566994044966989685e-01
4.672996026181935880e-01
9.855601553557593597e-01
9.154869402121368349e-02
3.290891170417287181e-02
3.203705896877435677e-01
2.485550062357732015e-01
1.738623491782722574e-01
8.421410945675853466e-01
8.224481522991275995e-01
7.000182327155510809e-01
3.182006895722488959e-01
6.635879481615036823e-03
2.528598786354135930e-01
9.403835603021670764e-02
4.081315280435829917e-01
2.547429643126235543e-01
4.356559479531814105e-01
8.915560200645272770e-01
3.308085917660464892e-01
7.415411909991235229e-01
4.458254899168727636e-01
6.174948935310743403e-01
3.268757790037379873e-01
8.064271855017016710e-01
8.579765308749650599e-01
1.967613755533332842e-01
1.183832142664358322e-01
7.303377433113229511e-01
1.286545148430452423e-01
4.665258970375019132e-01
7.161595094257146021e-01
5.227118060537248034e-01
3.304066883130831744e-01
1.844858908015346577e-01
1.289944014040785847e-01
2.452128104580286738e-01
8.604560241766551210e-01
6.480850616833193634e-01
9.227214900825418953e-01
5.957155570524098609e-01
4.690912928894804823e-01
9.046294741701587094e-01
9.062974096509168742e-01
5.580192025815909895e-01
4.553426194215145495e-01
4.390922620905836071e-01
1.037108169644297417e-01
1.524687560367439243e-01
9.006948617299623816e-01
9.595148360942545862e-01
3.826673037504574326e-01
9.804067569672193505e-01
2.587824429060715525e-01
6.261527715021654172e-01
2.196004332716787744e-01
9.120757305370402745e-01
1.653184578750007683e-01
3.692304318048522660e-01
6.815660356738970638e-01
7.717259562045315491e-01
9.484804377966727928e-01
6.893978222890827512e-01
9.159245582754935722e-01
2.937374122385372210e-03
5.662188436704890249e-01
4.330725403988384681e-01
4.218492044205401914e-01
5.516640667202721282e-01
5.420540744154940249e-01
2.509999876315400780e-01
9.592604541551675856e-01
4.212445161657274451e-02
2.499434167355606418e-01
3.157412383661674093e-01
8.814282123927291712e-01
5.667793324888847906e-02
8.923354760271565711e-01
1.611707453803239432e-01
6.522724599128801870e-01
2.776324599306571050e-01
4.336432322679135698e-01
4.741778535713767617e-01
4.430722348110732733e-01
8.999953082938407789e-01
7.524179591225819141e-01
1.963604732956631960e-01
7.506693199227942870e-01
8.545206998324750280e-02
6.123740231121550526e-01
1.644176929923171215e-01
6.897693089223689844e-01
2.222888642515993274e-01
7.561730403791657729e-01
4.128834925312121484e-01
7.792474569380860583e-01
3.617962014074664889e-01
9.573998375304749731e-01
9.174803991747947363e-01
5.185756190918152653e-01
6.152266912219409578e-01
7.081492371476103553e-01
7.404155927420671413e-01
5.791546008269994328e-01
5.701403872635680825e-01
3.813623566481059157e-01
4.610887829160331686e-01
4.206546690416069767e-01
8.480822731858720376e-01
6.312827752688925376e-01
6.030173461172465554e-01
8.018144484442208952e-01
7.147354980334987840e-01
1.635439471577928572e-01
4.746704463500626137e-01
4.650867425098871299e-01
5.139057559078250570e-01
9.678675946156430898e-01
5.839931360633706658e-01
3.313829573909079507e-01
7.098387535279861993e-01
5.238868769757100141e-01
2.983999625441358106e-01
6.029478086561989025e-01
3.402191190295456025e-02
4.488183228636569710e-01
1.993533614857925240e-01
7.953154740724101002e-01
9.914845476794743595e-01
7.263512505118914220e-01
2.738082957110022919e-01
5.084936080059743180e-01
5.549147601175977718e-01
5.665095580916276186e-01
5.832101022162371473e-01
2.270839788737896159e-01
5.918244208425467168e-01
7.329664534183938374e-01
6.920799672626440913e-01
3.829685130966856699e-01
9.076267997554435807e-01
4.888370996022325388e-01
5.864228764143371020e-01
1.519507790681403625e-01
3.849720442879531745e-01
9.257015670463952794e-02
6.301643368519401767e-01
9.604127338447229212e-01
7.565392032670825717e-01
6.796801643657903735e-01
5.500189850962537985e-01
2.746460383006351647e-01
7.708898748022251501e-01
6.749760754579214872e-02
5.749866914949874896e-02
4.470492861353313474e-01
7.250420850660140859e-01
6.074011654491062728e-03
9.787313718665937579e-01
9.399464934241451575e-01
5.554540046325447955e-01
2.076829321670115025e-02
6.224179243426863906e-01
5.249590264261841943e-01
9.448180596413308097e-01
6.870039491741199988e-01
5.554694916760313239e-01
5.814941472909676001e-01
7.183987474225501657e-01
3.261908108242390636e-01
1.093335563465074323e-01
3.435021435914908938e-02
5.532805142249141994e-02
7.034144666394704926e-01
3.628106564794426614e-01
8.629113390118591242e-01
7.308961699501039799e-01
6.522150935288908435e-01
3.181964072960175027e-01
8.122831934648712116e-01
6.076270603322593278e-01
1.620590934994852184e-01
8.199953404161993697e-01
6.246357736268419725e-01
2.222198551797250898e-01
5.844245172035770208e-01
4.695848180334547539e-01
4.248903945417118466e-01
5.190948414204739070e-01
5.050629592622997155e-01
6.123669986548377908e-01
4.520459745208859070e-01
3.391710020683104121e-01
7.974723896819028157e-01
4.957583262653720846e-01
5.297140297892601879e-01
3.478915625065678308e-01
2.375730637591533245e-01
4.630268806627608758e-01
7.129357925583112987e-03
7.533058295826667861e-01
7.997081998751773835e-01
4.881997274145754018e-01
7.700693238677284169e-01
4.373840743039786316e-01
7.684386662786489852e-01
9.809147040613770407e-01
4.399908231593137042e-01
6.007474915585966357e-01
9.850262441489487930e-02
3.086329084377620324e-01
1.536143382125410017e-01
8.262665902451716837e-01
6.450566999932694223e-01
1.456521573127003144e-01
8.331036492597220233e-01
5.994569489091607917e-01
1.594617514698699612e-01
1.825172104444654497e-01
1.891218000089259776e-01
4.866163036457668012e-01
5.367486688118698890e-01
4.780887931560143800e-01
7.460339025842698257e-01
6.667334635101913598e-01
5.939422411802818269e-01
7.984362743395090334e-01
4.251967124237473472e-01
2.450707473042642581e-01
9.511144265973824341e-01
8.204370742721732723e-01
3.415781778914612765e-01
7.105380229361932809e-01
5.905192120199180827e-01
2.783879461341047801e-01
5.694018286296609332e-02
8.766900306835693213e-01
8.399536620590875025e-02
6.414384519574973798e-01
6.678755680059416111e-01
7.395910804635345004e-01
6.444562748013868969e-01
3.701850329847966581e-02
3.199070407603356037e-01
2.902746447151871578e-02
9.055194133507420418e-01
4.369430091789454629e-01
5.411005814332752184e-01
6.623236428477969895e-01
3.706636444774350503e-01
4.097213450767592802e-01
8.045136815472055947e-01
4.739866794282566742e-01
5.160075621440730620e-01
2.414412841524654629e-01
1.927709550572856978e-01
8.000893099117821761e-01
5.762921327158768703e-01
4.673518751793551695e-01
1.081573312506007856e-01
3.054923893447045735e-01
9.447291050190688155e-01
2.982062798609246279e-01
7.512243777278799772e-01
3.447590657059067532e-01
3.242237192301818949e-01
5.282637336167608222e-01
8.092811209219500368e-01
3.102288946373661371e-01
3.083438104478887221e-01
3.173025938005598068e-01
7.908125481320038563e-02
9.718876102769160585e-01
6.871955907921056816e-01
7.769105760239103375e-01
4.315185621839610075e-01
5.036857389075042324e-01
6.179304763576186632e-01
2.180267100247733625e-01
8.239489066674308138e-01
3.112285282343307813e-03
2.936715685791833064e-01
2.383054796846363343e-01
1.315387962989507109e-01
2.531236363632197728e-01
6.081498043141134735e-01
4.755206270556878723e-01
1.827712675363147854e-01
5.111903577457324044e-01
1.118373548619027158e-01
3.391653867138042511e-01
2.525519790877791548e-01
2.787532308585405350e-01
1.084852777727485229e-02
1.015976042568897952e-01
5.359410305627033688e-01
4.804827160238912542e-01
1.695968200868266385e-01
6.000125139248480011e-02
8.213086127026897332e-01
7.182033278551847033e-01
4.687178461189863699e-01
9.813062307129959416e-01
7.237005133676948088e-01
6.859114540826003470e-01
5.117976142930100725e-01
3.434071818666539766e-02
4.670322799019192006e-01
2.158616756323903374e-01
5.257044603698837193e-01
2.878007829660123029e-01
8.286670177992058184e-01
9.483077961208532525e-01
9.376116042295278286e-01
1.133211562852326493e-01
9.520295906434378397e-01
6.601816844780045157e-01
8.331755994691995015e-01
9.098070153545306793e-01
3.687305763894332955e-02
9.653197813154189566e-01
9.213938297829140645e-01
4.207540756121808112e-02
1.327747150650661068e-01
3.197196053780322345e-01
4.948740245339610100e-01
1.915975242311462878e-02
5.107326390873780930e-01
4.593248597695076541e-01
8.967880794030330671e-01
2.801418857602980816e-01
3.267149374392840366e-01
3.774380016365642687e-01
5.403373178194180726e-01
4.288991393467811442e-01
6.739238469344857041e-01
8.643838345062057060e-01
7.621177665380016730e-01
4.422857763259114838e-01
9.557889306591049738e-01
8.475280663453180763e-01
6.030820726772335716e-01
6.782877828097270134e-01
6.693064242729748203e-01
4.578555697517092682e-01
9.363380673589799530e-01
8.710866403032041516e-01
2.499983914999509560e-01
6.917198234116961331e-01
8.635863458446667584e-01
1.371766767819255772e-01
5.589555305964452048e-01
6.683738176225620942e-01
2.525452023845997651e-02
6.094776052194601501e-01
4.374745588660956530e-01
1.233009531611265475e-01
1.542189504025426317e-02
9.743296824594407379e-01
6.013368334637680945e-02
5.266298454828199915e-02
9.649790978760868221e-01
9.396447701684307319e-01
4.284036810349590718e-01
1.717229851820856190e-02
2.891311550501884930e-01
9.750758583838110560e-01
5.722715930891616454e-01
4.932532690533237840e-01
6.648389909214635907e-01
2.773114536213219239e-01
9.818450918925530901e-01
9.770570697746193689e-01
8.569940707549820180e-01
3.492792347525830454e-02
2.388777019014454162e-02
1.878265075351113200e-01
4.249666731225529848e-01
3.515816733657810556e-01
7.325963886544977210e-01
1.157879573039608534e-01
2.736298299898510811e-01
5.278360999181207491e-01
9.646479131863247014e-01
8.683585684276475813e-01
4.756066204864828340e-02
4.410820770236703048e-01
2.836568201519538146e-01
7.966640349140950983e-01
3.310045498172244915e-01
4.676535673090910228e-01
6.271996365750492908e-01
3.048440036585090551e-01
3.812373678957653444e-01
1.030632124144106321e-01
5.861970654185744145e-02
9.158454666272168865e-01
9.587563264066013557e-01
1.364939327782163092e-01
3.653406070199829436e-01
6.713526365065899393e-01
6.842279858958131289e-01
4.305662246230198553e-01
8.371851032070188880e-01
9.413883989282827436e-01
1.319230533702778763e-01
9.477670171648018282e-01
5.980279726061324963e-01
8.976777840731851033e-01
9.679582416808760748e-01
2.810989089007566166e-01
2.203708605291555545e-01
4.299250301370844962e-01
2.580120368943865650e-01
9.162145339833734914e-01
5.423352933984989521e-01
4.923922814730397057e-01
6.490011456638147269e-01
3.245240287048936079e-01
3.744243315278517059e-01
8.170264941559015615e-01
3.471308338437009144e-01
5.443244326174681014e-01
9.236410453939934984e-01
5.344124484627718052e-01
4.719045269292418965e-01
2.931038793678963916e-01
8.388784443921710743e-01
4.738375985472179641e-01
2.748255347692816208e-01
8.357097871286249813e-01
4.535546698464847371e-01
5.550128705883832225e-01
4.405728014137976212e-01
7.709963356312046212e-01
4.189383155983673612e-01
6.660133902769034275e-01
6.822691562801376230e-01
1.090184520642973887e-01
4.228097710995502023e-01
4.087599143802849166e-01
6.443254159489721911e-01
6.473236797756951599e-01
7.301126866455516229e-01
1.536605772592448682e-01
9.426526761885090089e-02
7.973159743285692658e-01
5.414114183155493976e-01
3.271887415446925740e-01
3.668839683969262744e-01
2.074808924878162042e-01
6.290740737104072444e-02
2.224849633946148764e-01
2.013486841165834651e-01
8.776069802819731480e-01
1.139484258444557474e-01
5.724252789861952184e-01
1.824104379708508805e-01
3.114059484731633853e-01
4.125502540985775957e-01
4.364669528312425939e-01
5.350673289596652449e-02
7.615768468653599799e-01
7.230572362121241436e-01
4.872033903416437273e-01
1.051009214458726859e-01
4.540814264648772580e-01
6.936223068098584799e-01
6.305169240436167000e-01
6.813301630979746726e-01
9.722464385523601482e-01
9.486481226320531146e-01
8.271167597293903606e-01
1.502414535563242337e-01
9.038936119833762550e-02
8.379160857582830246e-01
2.927228680650534320e-01
7.914550229656992508e-01
6.890956233893866800e-01
1.343535723428143092e-01
8.203120053034939074e-01
1.090845520280206982e-01
3.992117351579882456e-01
3.330835848977751201e-01
9.111664491986063430e-01
5.620477159816955615e-01
3.856531728479392074e-01
6.657669591853513369e-01
7.064137294520806964e-01
1.652913179876378535e-01
1.794411788223169157e-01
6.181816985185819568e-01
4.321488331066541955e-01
8.981097941116417127e-01
3.177979628237055376e-01
1.824005321732177221e-01
8.796944152442022213e-01
9.496948631350028425e-01
8.392565495694254141e-01
2.465479701224848608e-01
5.851193276702604251e-01
2.963434171415180174e-01
9.874422083227196723e-01
9.287299572408258541e-02
1.516348008411626536e-01
1.154545116651102266e-01
4.630854888617703669e-01
3.810482499038265747e-01
6.949332583442083822e-01
3.506310396857864609e-01
9.719239844479964363e-01
3.010624016034215700e-01
5.528581477666494326e-01
7.166413618935880692e-01
2.559904097259911859e-01
3.970036838492501108e-01
1.234752671332486340e-01
2.923439019641351777e-01
3.206352866859888406e-01
9.022769153946570420e-01
1.007196399872956061e-01
5.046650011906600453e-01
1.784393657567143743e-01
2.787668232375090094e-01
4.532302849854619176e-01
3.545403270864141421e-01
5.332827638565219575e-01
2.786628127811136002e-01
2.936607138616914581e-01
6.583611487025735620e-01
8.372179113888769120e-01
6.208056085123420109e-01
8.509414873330355400e-01
5.710467077253335022e-01
1.502782709041584619e-01
4.485699118493088333e-01
3.085529841790198846e-01
6.374961174242881334e-01
6.788901923876572431e-01
7.426073692096160084e-01
4.578477356628180006e-01
5.681328065690754991e-01
8.893046466408266459e-01
9.546473254542729991e-01
2.287666151459383235e-01
5.659151222539398063e-01
5.310913603004253636e-01
5.686523580341821260e-01
3.790458798623147496e-01
8.794310820591488831e-02
7.704454866008316749e-01
7.589955010830087279e-01
9.943723270780159273e-01
4.512760314198620559e-01
2.096775732779102563e-01
3.486922578293234487e-01
6.719035583554422431e-01
3.843469675504248562e-01
3.636316820865514998e-02
2.880161496274488142e-01
3.927190198848496960e-01
3.878195257005129237e-01
4.648605003408601277e-01
4.840508977248677569e-01
9.821267317112939432e-01
1.676323914185658959e-01
8.469012534855278052e-01
9.623301632080419887e-01
1.071970728470239553e-01
1.561646710004654937e-01
9.790261746649838726e-01
3.027835978532412708e-01
3.006232813787601543e-02
8.267932993361702954e-01
7.732479512996145443e-01
7.752996749051295211e-01
4.767259027913554048e-01
4.010736122045099883e-01
9.671318136839618385e-01
6.754835298319135095e-01
8.891080999108454952e-01
5.236357408807810199e-01
2.117615144317179787e-01
9.872161438740933992e-01
9.474461683778229171e-01
7.860302089883884902e-01
1.136393009781726526e-01
4.569066123802356660e-02
7.080429721346307437e-01
9.772182153063422305e-01
4.387489255622456508e-02
6.173394858025482712e-02
7.304028723390765254e-01
3.527181107834154172e-01
9.094021814214849897e-01
5.933939636604824708e-01
1.018888255840555424e-01
9.067953776455804915e-01
7.974055511720403722e-01
8.608570052938560035e-01
8.441399504075550730e-01
3.917785836984151171e-01
7.171682369757496067e-01
1.206198229695921720e-01
3.314723652361237782e-01
5.184703992759680524e-01
3.578759080904569956e-01
5.276220487883691579e-01
1.530845297981293651e-01
5.836113374275145871e-01
1.600928659962478351e-01
2.229925643042885985e-01
3.666375278677835858e-02
6.695525419415998547e-01
4.708726431883403230e-01
8.930309260739964783e-01
3.582745847842394582e-02
2.014139836604239564e-01
3.915996451975148895e-01
9.451186336089711926e-01
9.965357907870008303e-01
3.439552117667049602e-01
6.493193152219378650e-02
7.055880524842698120e-01
4.199108339768158338e-01
8.218014081601767717e-01
4.016573163200073404e-01
7.140866260171481184e-01
2.965435328246942559e-01
6.501829209393741316e-01
4.911840036977298540e-01
7.074622521010801579e-01
4.701510302541285213e-01
7.689479028345775902e-01
5.599095041657616845e-01
3.608230115379362779e-03
7.190677969980378004e-01
2.055384694696212877e-01
8.709350538952065346e-01
1.804029960632402840e-01
2.117624013187350274e-01
4.006297016583919568e-01
7.480065429940365718e-01
6.354177773631716208e-01
4.191761421224866613e-01
2.551624163111811949e-01
7.962787561942950010e-01
2.700471757441291754e-01
8.350676966795924638e-01
4.647893487314891381e-02
9.527581735843992927e-01
8.555875013847524801e-02
8.315314543025831284e-02
2.569775470049062704e-01
5.071137061678451241e-01
3.757622302156697902e-01
3.737718527527915668e-01
1.396980093278428203e-01
2.429827310187536726e-01
4.801513366383046710e-01
1.430547474872390090e-02
8.973716163854789096e-01
9.933509425218862710e-01
8.730348271809578176e-01
4.160084869553628550e-01
9.057721419433577559e-01
7.790776706539426222e-01
8.525543539879590904e-01
6.096479533591803168e-02
6.630140860626927424e-01
9.817756029668023299e-02
5.309134411718434698e-01
5.026301782130995210e-01
9.041905069062713407e-01
3.368765752862695750e-01
4.272506047926323269e-01
8.792572575515014144e-01
3.700954452599328759e-01
3.346074734908044412e-01
3.517178313927347144e-01
3.071725067355424166e-01
3.869250082952904179e-01
2.825084455177004905e-01
4.851414409828406216e-01
9.477632439936733988e-02
2.011006920299454048e-01
9.388435123153257011e-01
9.576381651588331545e-01
1.247925575086744621e-01
6.770070875097947694e-01
7.713979367463084102e-01
7.864236120425323051e-01
3.254573281033612542e-01
1.982124165719075792e-01
5.733395157821927768e-01
7.996317068414769968e-01
1.706633153633310140e-01
9.834819930853158088e-01
7.234382746798807551e-01
3.551730372900657740e-01
5.551503275173327312e-01
2.892382527215957566e-01
1.173106352397851326e-01
4.131973014492250629e-01
3.427034680530838262e-02
9.470893731156366790e-01
2.326502280719153770e-01
5.220667209929098496e-01
6.674998618364070824e-01
1.024596198573322070e-01
7.269269099227095854e-01
9.694439523173949969e-01
9.780865361611444930e-01
9.036484763728602765e-02
9.267289050448296317e-01
4.507382033680360500e-01
6.397025236155472472e-01
5.335656244640577528e-01
8.713040234565183617e-01
9.840677069430199264e-01
4.087710163085405135e-01
7.332221917934325095e-01
2.996537971812452961e-01
7.010980958701885646e-01
7.972513702612260555e-02
5.860810968379077668e-01
3.799826823592650227e-01
2.479504302340690414e-01
6.061615355590140863e-01
9.124294943215364162e-01
5.282661042667835538e-02
5.181330830738173354e-02
2.419560408608868451e-01
4.483186604639235462e-01
6.379498467973698794e-03
7.883242796079431569e-01
3.452257371655498286e-02
8.910493001894339571e-01
8.153370691257393332e-01
8.412758963346231855e-01
9.616014863896472642e-01
2.249779488015475337e-01
7.690897666856152393e-01
1.435189987867067085e-01
3.534971559311175238e-01
6.439915380160891045e-01
5.929594471332233496e-02
5.415117045930765149e-01
2.468937597378955129e-01
2.265053022778595881e-01
2.955969808357327144e-01
1.882668166132526189e-01
8.761489705899117020e-02
5.396145496835506039e-01
3.153229559724187725e-01
4.267827552124694446e-01
7.133699309894750984e-01
6.788923091065600657e-01
6.940439682810577438e-01
1.019981825450155810e-03
1.107178396703115686e-01
2.307265192686942523e-01
2.816077010285051863e-01
1.971136357574689857e-01
5.575971984863814512e-01
6.622396912210252173e-01
9.902966581044301275e-01
9.556864566263800764e-01
8.421077315450637979e-01
9.592997689018430973e-01
4.190723778379578102e-01
8.380226238825396745e-01
4.091725306942587403e-01
1.100529603430315806e-01
5.903161762756261588e-01
7.519816510263888087e-02
3.223344075055359914e-01
8.314838463489492293e-01
5.368293012923757157e-01
7.671156035239132809e-01
4.482968711731436517e-01
8.584927176160850326e-02
2.255112351976240603e-02
9.680878960815286760e-01
2.639017173469478950e-01
4.533919606338577823e-01
1.466107993878994487e-01
3.978083706946846654e-01
7.156082129805900749e-01
8.233136303684156498e-01
1.961669341001476274e-01
4.405318983662530608e-01
1.182319827853226535e-01
3.584843467275843354e-01
6.443063558050606821e-01
3.864278910831148162e-01
2.115682254906010584e-01
4.892383793375043588e-02
8.783337744688132220e-01
5.625960518443836600e-01
8.328640691935760287e-01
3.668356449245065987e-01
9.312880409536292703e-01
5.071695214965492582e-01
2.988420785122855028e-01
9.510942749309394539e-01
1.457830975049227984e-01
2.764847114419529683e-01
9.363644377280680997e-01
1.525600021927916439e-01
5.307553325074986228e-01
3.724398218144283623e-01
4.310113504920644045e-01
5.989430682378920068e-01
7.471975250963325266e-04
7.613710662938284468e-01
2.936861664713578124e-01
8.603788222978379086e-01
6.564620810624263170e-01
4.158106340531858569e-01
